a, b, c, d, e, f, g, h, i, Determinant
Continous, Continous, Continous, Continous, Continous, Continous, Continous, Continous, Continous, Continous
7, 2, 5, 3, 2, 8, 5, 3, 4, -61
10, 4, 5, 9, 1, 10, 4, 3, 6, -181
9, 10, 9, 10, 6, 3, 7, 8, 6, 60
7, 5, 5, 7, 2, 9, 6, 2, 6, 28
5, 9, 2, 3, 1, 1, 2, 4, 5, -92
6, 5, 8, 4, 6, 3, 4, 5, 8, 66
5, 4, 7, 4, 10, 3, 1, 3, 4, 117
6, 6, 4, 1, 7, 10, 3, 5, 8, 104
7, 7, 5, 4, 1, 5, 1, 10, 9, -309
1, 5, 2, 4, 10, 1, 1, 10, 9, -35
7, 9, 5, 9, 7, 5, 5, 7, 6, -72
10, 10, 6, 8, 10, 8, 7, 3, 4, 124
3, 6, 10, 7, 8, 2, 7, 6, 3, -146
5, 2, 4, 7, 5, 5, 9, 2, 3, -51
10, 3, 1, 3, 4, 7, 5, 6, 1, -286
3, 4, 2, 6, 8, 4, 9, 8, 8, 0
4, 8, 6, 1, 7, 2, 4, 4, 9, 68
7, 10, 3, 7, 4, 9, 3, 8, 3, -228
1, 3, 2, 7, 9, 2, 8, 2, 4, -120
9, 10, 7, 9, 4, 8, 7, 2, 3, 184
4, 7, 1, 1, 1, 10, 6, 6, 9, 153
7, 9, 1, 8, 10, 2, 3, 4, 7, -14
8, 7, 8, 10, 5, 1, 10, 3, 3, -204
8, 1, 10, 7, 2, 1, 4, 1, 3, 13
4, 6, 1, 2, 5, 6, 7, 3, 4, 183
8, 4, 3, 6, 8, 5, 6, 7, 7, 102
1, 8, 8, 7, 8, 7, 10, 2, 3, -126
7, 8, 8, 9, 3, 1, 6, 3, 5, -156
4, 3, 7, 2, 10, 8, 3, 5, 7, 10
8, 10, 6, 10, 1, 3, 1, 6, 8, -496
5, 6, 8, 3, 8, 4, 8, 6, 1, -274
8, 2, 9, 7, 6, 6, 7, 8, 7, 64
1, 9, 7, 7, 3, 8, 4, 4, 6, 8
3, 5, 8, 10, 1, 4, 6, 6, 10, 10
6, 4, 1, 8, 10, 3, 8, 9, 7, 122
5, 10, 9, 2, 10, 2, 9, 5, 3, -500
7, 5, 7, 10, 4, 4, 9, 3, 2, 10
1, 1, 5, 6, 8, 5, 7, 10, 9, 23
7, 3, 4, 2, 5, 9, 5, 8, 7, -202
1, 6, 1, 6, 2, 7, 8, 5, 4, 179
6, 10, 7, 9, 7, 6, 2, 3, 1, 55
1, 6, 7, 8, 2, 1, 7, 1, 9, -415
7, 2, 6, 3, 5, 6, 6, 8, 10, -10
5, 2, 9, 10, 1, 9, 7, 5, 2, 258
4, 10, 1, 8, 6, 10, 9, 3, 9, 246
9, 1, 4, 4, 9, 7, 2, 4, 8, 370
4, 1, 3, 10, 4, 4, 10, 6, 2, 16
7, 7, 8, 1, 8, 8, 6, 1, 7, 247
2, 6, 9, 9, 4, 7, 1, 5, 2, 249
1, 7, 8, 10, 9, 9, 2, 8, 5, 245
8, 5, 8, 4, 10, 6, 1, 6, 7, 274
2, 5, 3, 7, 7, 8, 5, 6, 4, 41
5, 7, 6, 3, 6, 5, 5, 6, 3, -20
7, 2, 9, 1, 8, 8, 3, 7, 6, -173
10, 4, 5, 10, 9, 10, 6, 10, 3, -380
10, 9, 9, 1, 6, 1, 1, 10, 2, 47
3, 1, 2, 2, 10, 9, 2, 9, 1, -201
4, 4, 8, 10, 2, 5, 4, 10, 4, 488
10, 1, 8, 1, 2, 4, 10, 3, 6, -102
9, 2, 1, 10, 2, 4, 7, 10, 1, -220
2, 5, 2, 1, 5, 6, 6, 6, 10, 110
5, 2, 3, 5, 4, 4, 8, 2, 3, -12
8, 5, 8, 8, 4, 6, 5, 10, 8, 86
3, 3, 10, 4, 4, 3, 6, 4, 10, -62
10, 9, 8, 6, 1, 8, 1, 1, 9, -364
6, 8, 10, 9, 10, 9, 7, 6, 3, -16
5, 1, 9, 3, 1, 10, 9, 6, 1, -127
3, 8, 1, 10, 2, 5, 3, 10, 8, -528
6, 7, 10, 8, 3, 4, 7, 5, 9, -76
1, 3, 9, 8, 8, 8, 8, 9, 9, 48
3, 5, 5, 1, 7, 10, 6, 2, 4, 104
7, 9, 10, 3, 9, 10, 5, 5, 4, -56
9, 10, 5, 2, 1, 3, 6, 6, 3, 15
3, 1, 10, 2, 1, 9, 8, 6, 8, -42
2, 9, 8, 6, 10, 2, 1, 7, 7, 8
9, 2, 9, 8, 4, 10, 10, 10, 4, -260
3, 8, 2, 6, 8, 10, 7, 1, 2, 382
9, 9, 3, 7, 3, 7, 4, 7, 2, -150
7, 2, 2, 3, 7, 6, 10, 3, 8, 216
10, 5, 6, 3, 3, 6, 5, 2, 3, 21
6, 3, 2, 9, 10, 5, 4, 8, 9, 181
7, 1, 4, 4, 8, 8, 2, 6, 4, -80
10, 3, 4, 8, 9, 6, 5, 10, 10, 290
7, 2, 4, 2, 2, 2, 2, 6, 3, -14
2, 4, 10, 8, 3, 3, 2, 8, 2, 504
5, 9, 6, 2, 7, 7, 8, 2, 9, 275
2, 1, 7, 3, 4, 7, 10, 6, 5, -143
5, 1, 5, 7, 5, 7, 1, 8, 6, 90
3, 7, 3, 8, 3, 1, 9, 10, 2, 98
9, 3, 1, 4, 6, 5, 10, 8, 10, 182
1, 9, 3, 4, 10, 2, 2, 8, 9, -178
4, 7, 10, 10, 1, 2, 8, 2, 8, -312
2, 3, 2, 4, 4, 8, 2, 3, 3, -4
1, 7, 9, 7, 8, 6, 3, 5, 2, 113
5, 2, 1, 9, 3, 4, 3, 4, 6, -47
7, 7, 7, 5, 6, 10, 10, 10, 6, -28
9, 5, 9, 7, 9, 9, 2, 8, 7, 106
7, 3, 10, 9, 5, 2, 5, 3, 4, 40
6, 1, 10, 6, 4, 2, 9, 7, 6, 102
1, 2, 2, 1, 1, 2, 9, 3, 3, 15
7, 9, 5, 5, 7, 9, 4, 9, 7, -130
8, 2, 6, 2, 5, 10, 10, 2, 8, 52
8, 1, 9, 6, 1, 2, 7, 10, 2, 335
4, 3, 2, 4, 1, 7, 8, 4, 2, 56
7, 3, 5, 5, 10, 9, 6, 3, 4, -32
2, 6, 5, 10, 9, 5, 6, 8, 4, 62
10, 5, 8, 3, 5, 8, 3, 8, 3, -343
7, 5, 8, 4, 3, 2, 6, 10, 2, 98
6, 5, 2, 6, 10, 4, 2, 1, 2, 48
6, 6, 7, 7, 2, 1, 6, 2, 5, -112
5, 4, 8, 8, 2, 9, 5, 2, 1, 116
8, 3, 9, 10, 6, 8, 9, 5, 2, -104
3, 10, 2, 10, 3, 3, 1, 9, 6, -423
9, 7, 9, 3, 4, 10, 10, 3, 3, 196
5, 2, 3, 9, 10, 7, 1, 6, 1, -32
7, 1, 9, 5, 1, 1, 10, 2, 6, 8
9, 2, 3, 4, 10, 8, 8, 3, 10, 528
2, 1, 4, 4, 6, 6, 9, 2, 9, -82
9, 10, 5, 6, 8, 5, 4, 5, 10, 85
10, 8, 9, 2, 8, 1, 8, 4, 5, -160
9, 5, 9, 6, 7, 5, 6, 4, 6, 6
4, 7, 2, 7, 1, 8, 9, 8, 8, -18
2, 5, 10, 2, 2, 3, 9, 8, 4, 43
6, 2, 4, 10, 10, 8, 10, 1, 2, -168
5, 5, 7, 7, 6, 7, 3, 5, 7, 14
3, 9, 4, 3, 4, 7, 7, 8, 7, 152
3, 4, 6, 9, 7, 6, 3, 9, 9, 135
7, 5, 5, 2, 10, 4, 4, 8, 6, 96
9, 5, 4, 4, 4, 8, 2, 9, 3, -408
1, 7, 7, 3, 7, 7, 8, 2, 1, 14
9, 9, 5, 4, 9, 3, 7, 2, 10, 310
7, 3, 8, 5, 9, 8, 7, 3, 10, 96
7, 5, 5, 3, 10, 7, 3, 5, 5, 60
9, 2, 3, 6, 10, 9, 3, 8, 3, -306
1, 4, 7, 9, 2, 3, 9, 5, 5, 112
4, 9, 8, 7, 8, 7, 10, 2, 3, -47
1, 10, 10, 4, 7, 3, 6, 1, 1, -236
3, 10, 2, 9, 4, 5, 4, 9, 9, -507
9, 4, 10, 6, 6, 4, 1, 10, 4, 316
6, 1, 3, 2, 6, 10, 9, 4, 2, -220
4, 7, 6, 2, 4, 9, 8, 7, 6, 156
6, 4, 8, 2, 1, 5, 1, 1, 8, -18
5, 7, 8, 8, 8, 6, 6, 5, 1, 22
10, 3, 10, 10, 7, 1, 6, 2, 9, 138
4, 8, 3, 10, 6, 2, 5, 2, 8, -414
4, 7, 4, 6, 6, 8, 5, 10, 5, -10
1, 4, 8, 7, 1, 7, 9, 9, 8, 405
6, 3, 9, 7, 9, 8, 1, 4, 10, 333
5, 8, 2, 2, 4, 4, 1, 9, 2, -112
8, 6, 8, 4, 3, 7, 6, 2, 2, 60
4, 8, 3, 2, 8, 4, 7, 4, 6, 112
10, 6, 1, 8, 7, 6, 1, 7, 3, -269
6, 6, 7, 8, 1, 10, 3, 7, 1, 89
3, 3, 9, 2, 3, 6, 9, 1, 2, -75
10, 7, 10, 2, 3, 4, 7, 2, 5, 26
5, 6, 2, 2, 2, 3, 8, 1, 2, 97
6, 7, 5, 7, 9, 10, 6, 8, 3, -35
6, 9, 4, 8, 10, 10, 7, 10, 2, 46
8, 7, 3, 7, 8, 3, 5, 5, 7, 75
9, 10, 3, 9, 9, 8, 4, 1, 6, 113
10, 2, 8, 9, 5, 5, 1, 6, 10, 422
2, 10, 3, 2, 8, 4, 10, 2, 2, 148
7, 5, 8, 7, 6, 6, 4, 6, 1, 19
1, 8, 8, 9, 10, 5, 9, 8, 2, 52
3, 9, 10, 4, 6, 7, 8, 7, 1, 139
1, 7, 2, 7, 6, 8, 10, 1, 7, 145
9, 7, 8, 5, 3, 6, 5, 8, 10, -102
7, 6, 6, 10, 10, 4, 9, 9, 8, 44
2, 10, 2, 9, 10, 8, 2, 3, 3, -84
2, 7, 6, 9, 9, 1, 4, 10, 9, -73
10, 10, 7, 10, 6, 4, 8, 6, 6, -76
7, 1, 7, 6, 8, 7, 7, 2, 3, -207
6, 3, 7, 7, 10, 6, 8, 9, 10, 91
6, 8, 7, 9, 2, 2, 4, 1, 6, -301
4, 1, 1, 2, 4, 5, 9, 2, 2, 1
8, 10, 5, 7, 6, 6, 4, 5, 2, 11
4, 5, 5, 8, 1, 4, 8, 4, 9, -108
3, 6, 7, 7, 1, 4, 4, 3, 1, 140
9, 3, 8, 9, 8, 2, 3, 4, 3, 177
7, 7, 8, 4, 9, 10, 7, 4, 1, -131
9, 10, 5, 6, 1, 5, 7, 2, 7, -72
4, 8, 6, 9, 1, 3, 3, 5, 7, -212
6, 9, 3, 9, 2, 10, 4, 6, 10, -552
10, 10, 1, 1, 8, 1, 1, 5, 8, 517
7, 4, 1, 5, 8, 7, 2, 10, 2, -328
8, 1, 10, 5, 2, 4, 6, 4, 1, -13
8, 7, 8, 3, 1, 9, 7, 8, 9, -116
6, 4, 9, 8, 5, 2, 3, 8, 4, 361
5, 9, 8, 2, 10, 3, 1, 6, 3, 49
10, 3, 7, 9, 2, 3, 2, 1, 5, -12
2, 3, 1, 1, 10, 7, 9, 7, 4, 76
1, 9, 1, 1, 4, 8, 6, 5, 8, 333
1, 7, 2, 9, 1, 6, 2, 4, 8, -368
3, 2, 6, 6, 7, 3, 9, 4, 8, -144
4, 9, 4, 1, 4, 9, 4, 4, 5, 167
1, 1, 1, 9, 9, 2, 10, 10, 10, 0
7, 7, 5, 10, 8, 5, 6, 6, 10, -80
6, 9, 7, 4, 9, 7, 1, 8, 6, -4
2, 1, 2, 9, 4, 5, 3, 7, 3, 44
5, 1, 7, 5, 9, 9, 6, 5, 7, -94
2, 8, 9, 2, 2, 8, 2, 3, 7, 14
6, 1, 5, 3, 7, 1, 3, 9, 1, 18
5, 1, 7, 2, 5, 8, 3, 1, 1, -84
6, 1, 5, 8, 9, 1, 10, 2, 2, -280
3, 6, 5, 6, 6, 3, 8, 10, 1, 96
8, 2, 10, 2, 6, 8, 5, 3, 5, -132
2, 8, 1, 4, 8, 10, 10, 2, 10, 528
9, 10, 6, 3, 8, 8, 6, 4, 4, 144
2, 2, 8, 8, 1, 8, 5, 2, 3, 94
8, 1, 10, 4, 9, 4, 4, 10, 5, 76
1, 4, 8, 6, 1, 3, 6, 7, 4, 247
8, 10, 5, 9, 9, 5, 10, 8, 1, 72
2, 6, 10, 9, 5, 10, 6, 4, 2, 252
9, 3, 1, 1, 5, 10, 8, 10, 2, -606
1, 1, 2, 4, 9, 3, 3, 10, 3, 20
7, 6, 2, 2, 10, 2, 10, 6, 5, 150
9, 9, 9, 9, 1, 7, 10, 3, 5, 234
4, 8, 6, 8, 1, 2, 2, 8, 8, -140
4, 2, 4, 9, 7, 9, 9, 5, 9, 0
5, 7, 1, 6, 1, 6, 8, 10, 2, 14
9, 5, 9, 6, 7, 8, 5, 10, 6, -97
6, 9, 8, 5, 1, 3, 7, 5, 6, 9
9, 5, 10, 9, 9, 9, 6, 4, 8, 54
2, 7, 4, 9, 9, 9, 8, 5, 8, -54
3, 10, 6, 10, 9, 1, 2, 6, 8, -330
1, 7, 10, 5, 6, 4, 7, 7, 5, -47
3, 8, 1, 5, 1, 6, 2, 7, 4, -145
7, 3, 5, 10, 8, 2, 3, 1, 1, -40
4, 6, 2, 10, 8, 7, 2, 10, 2, -84
7, 2, 9, 2, 9, 3, 10, 7, 7, -358
9, 1, 6, 1, 4, 2, 6, 8, 9, 87
3, 3, 8, 1, 2, 1, 4, 6, 8, 2
2, 10, 1, 3, 4, 9, 9, 9, 6, 507
7, 2, 10, 7, 10, 4, 7, 9, 1, -210
5, 10, 8, 10, 2, 2, 1, 8, 6, 24
1, 6, 8, 2, 3, 3, 8, 5, 5, -28
5, 8, 9, 4, 7, 3, 6, 2, 4, -180
3, 4, 9, 5, 10, 1, 8, 2, 6, -544
5, 4, 5, 3, 1, 8, 8, 4, 4, 88
3, 8, 4, 10, 5, 2, 7, 4, 9, -477
3, 6, 2, 8, 9, 9, 3, 10, 1, -23
2, 2, 6, 7, 10, 6, 8, 8, 7, -102
2, 1, 3, 3, 10, 5, 5, 5, 2, -96
1, 1, 9, 10, 3, 10, 6, 10, 3, 677
1, 6, 3, 9, 10, 10, 4, 10, 10, -150
1, 5, 3, 3, 3, 8, 9, 4, 8, 187
2, 7, 7, 7, 7, 6, 2, 4, 1, 99
10, 7, 1, 9, 3, 1, 3, 2, 5, -155
7, 5, 3, 9, 2, 4, 7, 10, 6, -98
10, 1, 9, 6, 3, 9, 3, 2, 1, -102
5, 8, 9, 6, 5, 10, 7, 4, 9, 54
2, 8, 8, 10, 7, 3, 1, 3, 1, 124
8, 3, 2, 8, 8, 10, 8, 7, 2, -256
8, 10, 4, 4, 6, 5, 5, 3, 7, 114
1, 6, 3, 6, 8, 3, 10, 4, 6, -168
6, 10, 6, 7, 6, 5, 9, 5, 9, -120
9, 4, 8, 7, 3, 4, 7, 6, 8, 56
2, 1, 4, 9, 5, 1, 4, 2, 9, 1
4, 2, 10, 8, 8, 3, 8, 3, 1, -372
1, 7, 2, 2, 1, 10, 3, 4, 3, 141
3, 5, 7, 9, 5, 3, 4, 9, 8, 166
3, 6, 6, 6, 10, 1, 4, 9, 10, 21
6, 9, 8, 6, 1, 6, 9, 1, 4, 234
8, 5, 9, 9, 5, 9, 7, 4, 10, -14
9, 10, 2, 6, 7, 6, 9, 5, 1, 207
4, 2, 9, 8, 7, 8, 4, 6, 5, 112
7, 2, 5, 7, 7, 7, 3, 1, 3, 28
4, 3, 2, 10, 1, 6, 9, 10, 6, -52
10, 7, 7, 5, 4, 5, 10, 7, 10, 15
10, 2, 2, 5, 6, 7, 9, 5, 8, 118
5, 5, 1, 10, 1, 9, 10, 7, 3, 60
4, 9, 6, 6, 7, 5, 5, 5, 9, -139
1, 5, 3, 9, 2, 1, 8, 10, 6, -6
8, 3, 5, 4, 1, 9, 10, 1, 6, 144
5, 6, 4, 2, 10, 8, 8, 7, 3, -46
3, 5, 6, 5, 5, 3, 3, 6, 1, 71
3, 9, 2, 8, 10, 7, 9, 3, 9, -6
6, 5, 8, 8, 7, 3, 3, 2, 6, -19
5, 5, 10, 9, 7, 3, 10, 4, 2, -270
5, 5, 7, 1, 8, 5, 3, 7, 2, -149
6, 10, 9, 3, 2, 10, 4, 7, 8, -47
8, 9, 7, 7, 6, 1, 10, 7, 2, -73
3, 9, 1, 5, 1, 8, 6, 7, 6, 41
2, 7, 5, 9, 7, 6, 8, 9, 7, 10
1, 8, 10, 4, 6, 4, 7, 6, 10, -240
7, 10, 1, 5, 7, 7, 10, 1, 8, 578
4, 4, 1, 1, 7, 7, 8, 10, 4, -6
7, 5, 2, 10, 6, 1, 9, 8, 10, -39
2, 8, 3, 4, 8, 5, 5, 2, 9, -60
3, 8, 2, 3, 10, 8, 3, 4, 6, 96
6, 10, 9, 5, 10, 3, 1, 2, 6, 54
1, 4, 3, 10, 9, 1, 4, 3, 6, -191
9, 10, 8, 8, 2, 6, 6, 3, 6, -78
2, 5, 10, 10, 2, 7, 3, 5, 2, 383
9, 1, 2, 2, 1, 9, 1, 10, 6, -721
3, 2, 5, 9, 6, 10, 6, 9, 7, 75
2, 5, 5, 8, 6, 2, 7, 10, 1, 192
4, 1, 4, 1, 3, 3, 5, 9, 8, -29
7, 5, 9, 8, 2, 10, 4, 2, 7, -50
1, 7, 5, 3, 6, 1, 9, 5, 7, -242
6, 4, 10, 3, 10, 5, 2, 10, 6, 128
5, 6, 8, 1, 2, 8, 8, 1, 1, 228
10, 2, 10, 9, 4, 7, 4, 5, 9, 194
1, 2, 2, 8, 7, 8, 9, 9, 5, 45
1, 10, 3, 3, 1, 9, 2, 6, 7, -29
2, 10, 9, 2, 1, 1, 4, 6, 5, 10
6, 8, 6, 9, 9, 10, 7, 9, 8, -16
8, 9, 6, 2, 2, 7, 5, 7, 9, -71
3, 3, 7, 3, 6, 10, 9, 9, 1, -180
9, 9, 1, 7, 2, 7, 5, 6, 8, -391
8, 10, 1, 1, 3, 6, 5, 6, 4, 59
2, 5, 6, 4, 3, 2, 8, 2, 6, -108
2, 4, 6, 7, 1, 6, 10, 9, 2, 398
3, 7, 10, 6, 9, 6, 1, 7, 8, 126
6, 2, 1, 3, 4, 4, 7, 3, 2, 1
1, 9, 5, 3, 7, 9, 4, 9, 3, 178
4, 3, 7, 4, 6, 1, 8, 1, 6, -216
10, 9, 9, 10, 9, 7, 4, 4, 1, 8
6, 7, 6, 6, 6, 4, 7, 7, 5, -2
6, 8, 9, 10, 3, 5, 6, 10, 1, 616
3, 10, 8, 1, 9, 4, 7, 4, 7, -121
5, 6, 4, 6, 8, 10, 7, 2, 5, 164
3, 6, 5, 8, 9, 8, 7, 6, 5, 12
3, 5, 3, 8, 6, 7, 1, 9, 7, -110
1, 5, 4, 3, 6, 10, 7, 7, 9, 115
6, 6, 6, 6, 9, 5, 5, 10, 4, 12
10, 8, 1, 4, 6, 4, 9, 3, 6, 294
9, 10, 8, 2, 6, 3, 2, 6, 7, 136
10, 6, 8, 8, 6, 5, 8, 2, 10, 4
5, 1, 4, 3, 2, 3, 6, 3, 7, 10
1, 5, 6, 1, 10, 1, 2, 8, 3, -55
5, 1, 2, 1, 4, 1, 10, 9, 6, 17
9, 5, 4, 4, 9, 6, 5, 5, 9, 329
5, 8, 6, 1, 7, 6, 2, 1, 2, 42
9, 6, 8, 2, 8, 9, 1, 1, 3, 105
6, 6, 9, 4, 1, 7, 4, 4, 3, 54
6, 4, 1, 10, 6, 8, 2, 6, 5, -196
3, 5, 7, 9, 3, 5, 6, 4, 4, 72
7, 1, 10, 2, 6, 2, 3, 6, 3, -18
5, 9, 4, 3, 9, 10, 1, 3, 10, 120
5, 7, 4, 8, 8, 4, 4, 2, 1, -8
10, 1, 2, 1, 1, 4, 10, 3, 7, -31
1, 2, 7, 5, 3, 10, 2, 8, 9, 135
10, 4, 2, 1, 10, 5, 1, 2, 2, 96
4, 6, 2, 8, 1, 5, 1, 1, 3, -108
10, 3, 9, 10, 7, 10, 8, 5, 4, -154
6, 4, 5, 9, 4, 4, 8, 2, 3, -26
2, 5, 7, 5, 4, 4, 2, 7, 7, 54
2, 5, 6, 3, 2, 3, 4, 6, 9, -15
3, 7, 1, 6, 1, 5, 4, 3, 10, -281
4, 2, 1, 6, 1, 8, 2, 7, 9, -224
10, 9, 5, 8, 1, 4, 1, 1, 4, -217
1, 5, 5, 1, 7, 5, 2, 1, 1, -18
8, 5, 2, 1, 7, 7, 6, 9, 5, -105
3, 6, 1, 9, 4, 10, 7, 1, 4, 203
1, 7, 5, 7, 6, 7, 5, 7, 8, -53
10, 2, 7, 2, 6, 3, 9, 6, 6, -84
2, 5, 10, 1, 7, 8, 6, 7, 8, -150
5, 10, 4, 9, 2, 4, 8, 4, 9, -400
6, 10, 9, 8, 10, 3, 7, 7, 1, -62
6, 6, 6, 4, 10, 4, 4, 9, 3, -36
8, 6, 3, 9, 5, 4, 5, 2, 4, -21
1, 10, 8, 4, 7, 8, 8, 4, 7, 57
6, 7, 6, 5, 7, 10, 3, 6, 7, -47
4, 10, 2, 5, 8, 3, 9, 4, 4, 46
9, 2, 8, 3, 8, 7, 3, 3, 2, -135
6, 8, 10, 4, 7, 7, 9, 6, 5, -88
8, 7, 4, 8, 1, 3, 6, 8, 3, 22
5, 5, 1, 1, 2, 8, 1, 7, 8, -195
2, 9, 6, 8, 5, 6, 7, 10, 10, -92
4, 8, 8, 9, 10, 2, 6, 10, 3, 160
6, 2, 7, 2, 2, 4, 2, 6, 2, -56
6, 6, 8, 8, 8, 5, 9, 7, 7, -68
7, 10, 7, 5, 9, 6, 6, 1, 10, 105
2, 5, 6, 6, 7, 9, 6, 10, 10, 38
9, 5, 5, 10, 8, 5, 7, 9, 4, 28
7, 9, 6, 6, 9, 3, 10, 9, 10, -45
9, 4, 8, 9, 4, 5, 7, 10, 9, 186
3, 3, 2, 5, 8, 4, 5, 5, 1, -21
1, 4, 1, 2, 5, 4, 2, 4, 1, 11
2, 8, 1, 1, 6, 4, 7, 7, 10, 173
1, 1, 9, 7, 9, 1, 6, 7, 3, -40
10, 5, 10, 10, 10, 3, 4, 6, 5, 330
3, 7, 5, 2, 3, 3, 5, 10, 1, 35
6, 7, 1, 2, 7, 4, 6, 6, 2, 50
10, 5, 8, 9, 1, 6, 4, 3, 8, -156
7, 3, 8, 10, 10, 8, 6, 5, 1, -176
2, 9, 6, 1, 4, 3, 10, 9, 7, 23
1, 8, 6, 10, 9, 7, 9, 10, 3, 335
7, 8, 7, 1, 2, 5, 5, 1, 7, 144
10, 7, 1, 3, 3, 8, 3, 7, 7, -317
8, 6, 7, 7, 2, 3, 1, 1, 1, 3
7, 1, 10, 4, 3, 8, 7, 6, 9, -97
5, 6, 9, 1, 5, 8, 7, 5, 4, -58
5, 3, 4, 7, 8, 2, 9, 6, 1, -107
10, 6, 3, 10, 9, 3, 1, 6, 10, 291
7, 3, 1, 1, 10, 4, 3, 2, 1, 19
9, 10, 4, 2, 6, 9, 1, 2, 1, -46
7, 2, 5, 2, 1, 5, 9, 10, 3, -196
3, 4, 1, 6, 10, 4, 6, 5, 3, 24
3, 10, 4, 9, 6, 4, 5, 10, 5, -40
3, 10, 9, 4, 7, 6, 6, 5, 4, -4
9, 9, 9, 6, 5, 8, 5, 9, 10, -117
3, 9, 4, 5, 9, 9, 5, 6, 2, 147
9, 7, 1, 1, 8, 6, 10, 10, 4, 70
10, 2, 5, 6, 2, 7, 3, 4, 1, -140
9, 10, 9, 9, 3, 6, 2, 3, 4, -105
7, 7, 5, 5, 7, 3, 8, 6, 6, -4
8, 6, 4, 7, 2, 1, 10, 5, 3, 2
4, 9, 5, 3, 9, 4, 3, 9, 6, 18
7, 5, 3, 8, 4, 3, 3, 9, 4, -12
4, 7, 1, 6, 4, 10, 1, 3, 4, -140
7, 2, 3, 6, 9, 4, 10, 4, 8, 178
2, 5, 7, 8, 1, 2, 10, 3, 10, -194
2, 2, 8, 8, 5, 1, 6, 3, 1, -48
7, 1, 4, 2, 3, 10, 4, 6, 9, -209
3, 5, 4, 10, 9, 10, 4, 7, 10, -104
1, 1, 9, 8, 9, 8, 2, 5, 4, 178
9, 7, 5, 3, 8, 9, 10, 10, 6, -124
3, 10, 6, 3, 2, 5, 7, 4, 1, 254
5, 1, 8, 3, 10, 7, 3, 7, 7, 33
2, 7, 1, 9, 8, 4, 3, 5, 4, -123
3, 6, 4, 1, 3, 6, 8, 10, 9, 79
7, 10, 8, 7, 10, 3, 1, 2, 9, 20
2, 1, 10, 7, 7, 5, 1, 8, 5, 450
7, 8, 9, 2, 6, 5, 3, 10, 10, 48
8, 8, 8, 1, 6, 1, 4, 7, 7, 120
1, 1, 6, 10, 6, 4, 7, 3, 6, -80
1, 1, 7, 9, 8, 3, 1, 3, 5, 122
1, 3, 6, 4, 1, 8, 6, 10, 3, 235
1, 10, 2, 3, 6, 2, 5, 3, 9, -164
1, 1, 5, 6, 1, 6, 1, 1, 2, 15
7, 3, 3, 8, 5, 1, 9, 1, 9, 8
7, 9, 4, 9, 1, 2, 7, 2, 2, -6
9, 6, 2, 5, 3, 2, 2, 5, 7, -49
7, 7, 5, 5, 6, 8, 6, 3, 4, 91
3, 4, 5, 5, 9, 3, 8, 7, 9, -89
10, 2, 2, 1, 10, 9, 10, 2, 7, 490
2, 9, 3, 6, 8, 9, 3, 6, 3, 57
3, 8, 8, 6, 3, 6, 10, 7, 2, 372
10, 7, 7, 3, 5, 4, 8, 1, 10, 215
10, 10, 5, 4, 5, 6, 1, 7, 3, -215
9, 8, 9, 3, 3, 8, 8, 10, 8, -130
6, 5, 5, 9, 1, 9, 6, 4, 2, 126
2, 4, 4, 9, 3, 2, 7, 8, 4, 108
9, 7, 8, 8, 10, 10, 7, 7, 4, -116
5, 3, 5, 3, 8, 3, 3, 3, 9, 186
10, 1, 1, 8, 3, 8, 8, 3, 8, 0
5, 10, 4, 6, 10, 6, 10, 10, 1, 130
7, 3, 4, 2, 2, 7, 8, 8, 9, -152
2, 10, 10, 8, 9, 3, 2, 8, 9, -86
2, 3, 3, 3, 7, 4, 6, 9, 8, -5
7, 7, 7, 5, 6, 6, 10, 1, 8, 49
2, 2, 2, 4, 8, 6, 6, 9, 5, -20
6, 1, 6, 1, 6, 4, 6, 2, 1, -193
4, 9, 7, 2, 9, 10, 2, 5, 4, -4
6, 8, 8, 1, 1, 2, 2, 5, 8, -20
9, 8, 6, 3, 7, 4, 10, 6, 4, -52
3, 5, 7, 8, 5, 9, 8, 2, 3, 63
10, 1, 6, 7, 10, 10, 5, 7, 4, -284
8, 2, 3, 3, 5, 5, 4, 2, 7, 156
5, 7, 1, 2, 9, 5, 5, 9, 9, 202
6, 5, 8, 1, 4, 5, 4, 8, 5, -109
3, 6, 3, 2, 2, 6, 9, 7, 9, 132
10, 1, 8, 8, 2, 7, 9, 2, 9, 15
6, 6, 7, 1, 7, 5, 8, 6, 2, -218
2, 10, 2, 8, 5, 5, 3, 7, 8, -398
10, 9, 8, 10, 3, 5, 5, 9, 8, -105
1, 7, 8, 1, 6, 9, 4, 3, 3, 54
4, 7, 2, 6, 1, 7, 5, 5, 7, -111
9, 6, 9, 10, 7, 8, 2, 8, 2, 120
9, 3, 2, 5, 4, 3, 2, 4, 7, 81
2, 2, 1, 9, 7, 4, 7, 10, 10, -23
5, 8, 5, 2, 4, 1, 9, 9, 4, -47
9, 9, 1, 10, 1, 6, 3, 1, 5, -290
3, 9, 1, 5, 2, 2, 9, 3, 2, 63
7, 7, 1, 8, 7, 2, 6, 7, 2, -14
7, 6, 8, 3, 8, 3, 7, 4, 2, -234
7, 9, 8, 2, 4, 8, 6, 5, 4, 80
4, 9, 4, 7, 2, 1, 4, 8, 10, -354
3, 4, 9, 4, 2, 5, 2, 1, 8, -55
7, 8, 6, 6, 8, 5, 8, 5, 6, -11
10, 3, 2, 2, 3, 2, 8, 7, 3, -40
7, 8, 10, 8, 3, 3, 2, 7, 1, 358
3, 9, 8, 7, 3, 5, 6, 1, 5, -103
1, 7, 3, 5, 9, 3, 8, 2, 4, -128
7, 9, 3, 6, 8, 6, 10, 10, 1, 62
10, 4, 5, 6, 3, 8, 1, 6, 3, -265
9, 6, 4, 4, 5, 4, 7, 7, 1, -91
5, 8, 2, 5, 7, 3, 8, 9, 8, -5
8, 9, 10, 6, 10, 1, 1, 1, 10, 221
7, 4, 7, 7, 9, 9, 9, 2, 1, -236
10, 3, 5, 2, 5, 5, 10, 5, 4, -124
9, 9, 7, 10, 8, 2, 3, 6, 10, 18
4, 8, 5, 2, 6, 8, 5, 2, 5, 166
5, 10, 1, 2, 7, 1, 9, 1, 6, 114
8, 7, 5, 3, 2, 2, 5, 8, 10, -38
3, 8, 4, 8, 9, 2, 1, 1, 3, -105
7, 3, 2, 3, 5, 6, 5, 1, 8, 212
6, 2, 1, 9, 1, 6, 7, 8, 3, -175
4, 8, 10, 1, 8, 7, 2, 8, 5, -72
8, 7, 8, 10, 4, 1, 10, 10, 9, 128
3, 6, 4, 8, 10, 4, 10, 3, 7, -226
4, 3, 7, 3, 9, 1, 5, 7, 4, -73
9, 4, 3, 6, 10, 10, 7, 10, 1, -584
1, 1, 3, 10, 4, 8, 1, 2, 6, 4
2, 6, 3, 8, 8, 4, 10, 4, 6, -128
1, 3, 3, 2, 2, 9, 3, 9, 10, -4
3, 9, 2, 2, 8, 10, 5, 3, 1, 298
3, 10, 5, 6, 1, 7, 2, 10, 10, -350
10, 4, 2, 3, 3, 6, 1, 3, 10, 36
5, 8, 3, 1, 2, 2, 2, 5, 6, -3
4, 6, 3, 4, 4, 7, 2, 5, 5, -60
4, 5, 3, 8, 6, 8, 3, 9, 5, -86
10, 9, 4, 10, 7, 1, 7, 6, 3, -13
1, 4, 6, 8, 4, 1, 1, 5, 6, 47
10, 4, 4, 6, 10, 6, 9, 1, 8, 428
9, 6, 2, 7, 10, 7, 2, 1, 3, 139
3, 8, 10, 3, 10, 10, 7, 7, 9, -86
3, 5, 2, 6, 6, 3, 3, 4, 5, -39
10, 1, 10, 8, 1, 1, 1, 2, 1, 133
8, 2, 3, 9, 10, 8, 3, 4, 7, 244
6, 2, 6, 8, 4, 1, 1, 8, 4, 346
4, 10, 4, 4, 5, 4, 10, 2, 5, 100
9, 3, 1, 4, 5, 6, 1, 8, 1, -354
7, 4, 8, 2, 4, 9, 10, 4, 5, -48
3, 10, 6, 4, 8, 7, 7, 4, 6, 70
7, 8, 10, 1, 8, 9, 6, 5, 3, -169
6, 5, 7, 7, 8, 1, 5, 1, 5, -147
7, 9, 5, 8, 4, 4, 7, 2, 10, -304
4, 7, 2, 9, 6, 6, 9, 7, 5, 33
6, 9, 10, 5, 5, 3, 7, 2, 1, -112
1, 1, 5, 1, 8, 1, 6, 2, 9, -163
4, 1, 1, 1, 1, 3, 2, 6, 4, -50
8, 9, 1, 6, 4, 7, 8, 5, 10, 2
10, 7, 3, 4, 7, 3, 6, 2, 9, 342
10, 10, 3, 4, 10, 5, 5, 7, 10, 434
10, 1, 1, 4, 6, 3, 5, 4, 6, 217
5, 9, 4, 5, 8, 3, 5, 8, 5, -10
9, 10, 4, 5, 5, 10, 5, 1, 4, 310
2, 1, 2, 9, 5, 6, 4, 4, 5, 13
7, 5, 2, 3, 9, 4, 3, 10, 3, -70
4, 6, 2, 8, 9, 3, 9, 10, 2, 16
1, 8, 1, 10, 8, 7, 10, 10, 3, 294
1, 4, 10, 3, 4, 2, 8, 6, 7, -144
9, 1, 5, 1, 7, 2, 3, 5, 8, 332
2, 10, 5, 7, 3, 4, 5, 8, 3, 149
8, 10, 3, 3, 5, 5, 6, 9, 9, 21
9, 4, 2, 6, 4, 5, 3, 9, 2, -237
1, 6, 3, 2, 5, 4, 6, 5, 7, 15
4, 2, 10, 6, 8, 10, 2, 1, 3, -40
1, 6, 6, 4, 1, 8, 8, 3, 3, 315
8, 6, 6, 10, 6, 8, 10, 10, 8, -16
1, 4, 5, 10, 4, 9, 9, 6, 10, 30
9, 7, 8, 1, 2, 1, 9, 8, 7, -12
2, 3, 2, 3, 8, 8, 5, 2, 1, 27
3, 3, 2, 7, 7, 1, 4, 4, 5, 0
9, 2, 2, 8, 7, 2, 8, 9, 7, 231
2, 7, 5, 5, 9, 3, 9, 4, 4, -208
5, 2, 9, 5, 3, 6, 8, 3, 8, -35
3, 6, 1, 3, 1, 3, 3, 1, 5, -30
8, 7, 7, 6, 5, 5, 9, 7, 8, -2
10, 5, 3, 9, 8, 6, 5, 6, 8, 112
6, 4, 5, 6, 9, 9, 2, 7, 4, -66
10, 2, 9, 10, 6, 2, 3, 10, 4, 710
6, 1, 3, 1, 2, 7, 3, 10, 2, -365
2, 3, 9, 8, 5, 8, 6, 9, 1, 364
5, 6, 7, 5, 8, 9, 2, 2, 8, 56
2, 9, 8, 3, 10, 9, 5, 10, 8, 9
1, 8, 8, 5, 3, 8, 6, 8, 8, 200
2, 7, 9, 7, 5, 4, 6, 10, 1, 409
10, 1, 3, 4, 5, 8, 3, 9, 3, -495
3, 10, 5, 5, 7, 3, 4, 3, 4, -88
1, 9, 5, 7, 5, 4, 9, 2, 2, 45
6, 7, 7, 4, 6, 2, 1, 7, 8, 148
7, 6, 9, 7, 6, 9, 8, 3, 7, 0
1, 3, 7, 2, 5, 3, 4, 2, 1, -83
5, 7, 10, 2, 7, 8, 4, 8, 4, -132
8, 10, 10, 1, 2, 5, 9, 8, 2, 42
10, 3, 10, 9, 6, 9, 4, 2, 7, 99
3, 3, 3, 5, 4, 7, 1, 10, 2, -57
8, 1, 9, 1, 8, 10, 4, 9, 4, -635
10, 6, 2, 8, 8, 4, 10, 8, 9, 176
1, 6, 5, 3, 4, 8, 4, 8, 10, 28
4, 2, 8, 1, 7, 5, 1, 1, 9, 176
8, 8, 10, 9, 6, 2, 10, 10, 6, 156
5, 3, 5, 3, 9, 2, 5, 2, 9, 139
4, 1, 7, 4, 8, 8, 10, 8, 9, -260
3, 1, 4, 6, 8, 2, 5, 1, 1, -114
1, 9, 7, 8, 9, 3, 7, 9, 10, -405
3, 7, 10, 1, 6, 4, 9, 8, 6, -238
10, 2, 2, 8, 6, 9, 9, 9, 2, -524
6, 10, 9, 4, 10, 7, 9, 7, 5, -122
7, 7, 4, 8, 1, 10, 7, 2, 8, -6
5, 9, 3, 6, 4, 9, 7, 3, 9, 96
6, 8, 8, 2, 5, 5, 6, 6, 1, -70
8, 3, 1, 1, 6, 3, 6, 2, 6, 242
9, 10, 2, 5, 1, 7, 2, 6, 2, -264
7, 1, 2, 5, 3, 1, 9, 6, 4, 37
6, 9, 2, 8, 10, 8, 3, 5, 9, -112
9, 1, 2, 3, 10, 2, 5, 4, 4, 210
2, 7, 2, 7, 8, 1, 4, 6, 5, -129
7, 6, 5, 1, 10, 10, 1, 2, 7, 328
4, 7, 9, 8, 1, 7, 4, 4, 1, 284
6, 3, 9, 5, 7, 5, 8, 2, 3, -273
2, 2, 5, 2, 2, 9, 6, 3, 7, 24
10, 9, 2, 6, 4, 3, 10, 4, 1, 104
10, 5, 9, 6, 2, 5, 9, 4, 10, -21
4, 6, 8, 7, 4, 5, 4, 8, 10, 20
10, 3, 9, 10, 4, 4, 9, 2, 4, -76
4, 9, 10, 5, 8, 6, 2, 10, 6, 130
2, 8, 8, 8, 8, 7, 7, 2, 8, -340
5, 8, 1, 5, 1, 7, 1, 5, 4, -235
2, 4, 2, 10, 8, 5, 9, 10, 8, -56
7, 10, 5, 8, 6, 5, 2, 9, 7, -181
7, 1, 7, 4, 7, 1, 6, 9, 3, 36
1, 6, 7, 3, 10, 7, 2, 5, 8, -50
10, 2, 3, 3, 7, 5, 9, 9, 10, 172
8, 7, 10, 4, 1, 3, 2, 7, 10, -66
2, 9, 8, 9, 5, 3, 10, 1, 7, -561
4, 5, 7, 1, 10, 1, 9, 5, 9, -255
5, 8, 10, 1, 10, 1, 10, 7, 4, -717
2, 4, 4, 8, 6, 2, 2, 6, 7, -4
9, 9, 5, 7, 5, 2, 8, 9, 8, -47
5, 2, 10, 4, 9, 4, 3, 1, 4, -78
10, 3, 8, 1, 6, 3, 5, 4, 10, 287
4, 5, 1, 10, 8, 8, 6, 10, 8, -172
1, 1, 7, 4, 6, 6, 1, 3, 7, 44
2, 6, 4, 9, 1, 4, 9, 2, 7, -128
3, 4, 10, 2, 7, 10, 5, 1, 9, -43
3, 7, 1, 10, 2, 2, 10, 1, 3, -68
9, 1, 3, 8, 2, 5, 1, 4, 1, -75
6, 7, 6, 3, 3, 3, 3, 1, 9, -18
6, 2, 5, 4, 2, 8, 5, 9, 6, -198
3, 9, 5, 9, 6, 4, 3, 1, 5, -264
9, 7, 8, 1, 3, 6, 7, 6, 2, -110
4, 4, 8, 3, 8, 8, 10, 1, 3, -268
9, 9, 6, 9, 8, 3, 4, 10, 7, 123
9, 7, 4, 5, 7, 6, 3, 4, 7, 102
5, 6, 8, 7, 3, 8, 4, 7, 9, -35
1, 2, 2, 10, 6, 9, 4, 7, 9, -25
4, 4, 9, 2, 5, 2, 6, 8, 4, -94
4, 1, 8, 1, 6, 2, 9, 3, 9, -207
10, 6, 3, 8, 3, 2, 8, 3, 6, -72
7, 7, 1, 6, 4, 4, 6, 10, 1, -90
10, 4, 4, 4, 4, 5, 3, 9, 1, -270
3, 2, 2, 8, 4, 4, 3, 3, 5, -8
3, 4, 6, 3, 7, 1, 5, 1, 1, -166
1, 6, 3, 4, 4, 7, 1, 4, 3, -10
4, 7, 5, 7, 6, 6, 5, 4, 6, -46
1, 9, 9, 3, 1, 10, 9, 8, 10, 605
10, 1, 3, 8, 7, 3, 4, 2, 2, 40
7, 5, 5, 10, 4, 1, 6, 3, 6, -93
9, 10, 10, 8, 10, 7, 9, 5, 10, -85
2, 4, 10, 6, 6, 7, 8, 2, 5, -224
4, 3, 7, 6, 3, 8, 6, 1, 4, 4
8, 7, 4, 9, 5, 10, 8, 2, 6, 174
2, 4, 9, 3, 7, 10, 5, 4, 8, -71
5, 10, 3, 8, 6, 10, 6, 4, 9, -62
6, 7, 8, 7, 8, 9, 9, 2, 2, -7
9, 5, 8, 7, 5, 5, 3, 3, 10, 88
10, 9, 5, 4, 2, 3, 6, 8, 3, -26
2, 4, 3, 6, 8, 8, 2, 5, 3, 2
8, 3, 6, 9, 8, 3, 3, 6, 9, 396
6, 6, 8, 4, 8, 5, 3, 5, 7, 76
8, 4, 8, 1, 3, 9, 6, 3, 1, -100
7, 4, 4, 7, 7, 6, 9, 4, 7, 55
3, 10, 7, 6, 8, 4, 4, 1, 10, -394
10, 3, 8, 6, 2, 6, 7, 1, 2, 6
3, 7, 2, 7, 3, 6, 7, 4, 6, -4
5, 8, 7, 4, 5, 8, 7, 3, 4, 139
10, 10, 1, 4, 5, 5, 7, 4, 2, 151
2, 9, 2, 10, 4, 5, 9, 3, 7, -211
7, 3, 4, 5, 7, 4, 6, 6, 6, 60
7, 1, 9, 8, 5, 10, 3, 1, 1, -76
4, 6, 4, 3, 3, 6, 2, 9, 2, -72
9, 2, 9, 9, 4, 6, 1, 5, 7, 237
5, 5, 10, 5, 5, 7, 8, 4, 2, -60
2, 7, 6, 3, 2, 3, 10, 2, 7, -5
3, 8, 2, 10, 8, 9, 9, 8, 1, 392
1, 5, 2, 8, 9, 7, 10, 10, 7, 43
8, 9, 4, 5, 8, 3, 9, 9, 6, 33
10, 9, 3, 3, 9, 3, 9, 3, 9, 504
9, 10, 7, 9, 9, 1, 2, 1, 6, -106
6, 5, 2, 3, 3, 5, 3, 10, 9, -156
9, 1, 4, 5, 5, 7, 10, 2, 3, -96
7, 9, 7, 5, 4, 10, 5, 4, 4, 102
1, 1, 1, 3, 1, 9, 8, 5, 6, 22
3, 9, 7, 2, 7, 3, 10, 2, 6, -192
4, 7, 10, 1, 7, 5, 3, 10, 9, -16
1, 3, 8, 6, 4, 4, 4, 10, 8, 248
5, 3, 2, 5, 5, 4, 4, 1, 2, 18
2, 3, 6, 8, 5, 5, 6, 8, 2, 186
5, 1, 8, 2, 2, 8, 2, 10, 1, -248
4, 4, 3, 1, 3, 9, 2, 10, 4, -244
6, 6, 3, 7, 4, 3, 8, 7, 3, 15
10, 6, 1, 10, 2, 1, 3, 9, 7, -268
7, 8, 1, 1, 7, 3, 6, 9, 10, 332
9, 9, 3, 7, 4, 6, 4, 1, 2, 81
2, 5, 10, 7, 8, 2, 3, 3, 6, -126
4, 1, 3, 2, 2, 8, 7, 5, 2, -104
8, 6, 10, 10, 5, 1, 7, 6, 7, 104
3, 1, 8, 9, 4, 9, 5, 4, 2, 71
2, 8, 2, 9, 4, 4, 4, 9, 9, -390
10, 5, 6, 7, 2, 9, 1, 8, 7, -456
6, 8, 2, 6, 5, 8, 1, 9, 7, -396
9, 10, 10, 5, 9, 2, 8, 6, 4, -244
1, 6, 10, 10, 7, 10, 10, 4, 2, 154
8, 9, 1, 5, 6, 1, 10, 3, 5, 36
7, 7, 1, 4, 9, 7, 3, 2, 3, 135
4, 3, 7, 6, 2, 6, 1, 5, 4, 54
10, 8, 1, 3, 5, 9, 9, 10, 5, -137
3, 4, 2, 2, 2, 6, 3, 1, 5, 36
7, 4, 10, 2, 1, 8, 2, 9, 9, -289
8, 9, 2, 5, 5, 6, 9, 10, 7, -19
3, 8, 3, 6, 6, 7, 3, 2, 3, 18
6, 5, 7, 7, 7, 7, 6, 6, 1, -35
5, 4, 2, 9, 1, 8, 10, 5, 9, -89
3, 9, 8, 3, 7, 3, 4, 6, 9, -80
5, 3, 2, 2, 2, 9, 10, 3, 2, 115
6, 5, 1, 1, 10, 4, 4, 3, 5, 246
9, 10, 6, 9, 10, 4, 6, 10, 4, 60
4, 6, 9, 10, 7, 8, 9, 10, 2, 381
2, 6, 10, 5, 10, 7, 2, 10, 7, 174
4, 7, 10, 7, 4, 7, 4, 9, 9, 117
4, 4, 2, 2, 7, 2, 1, 8, 8, 122
4, 5, 8, 8, 6, 9, 5, 6, 1, 137
4, 8, 5, 3, 3, 6, 8, 3, 5, 177
3, 4, 4, 1, 8, 10, 1, 9, 4, -146
1, 4, 6, 2, 1, 4, 3, 4, 2, 48
8, 9, 3, 2, 1, 2, 8, 7, 3, 20
5, 7, 4, 2, 3, 7, 1, 10, 9, -224
3, 9, 3, 7, 9, 5, 8, 7, 2, 114
1, 9, 6, 10, 4, 8, 7, 2, 9, -334
2, 6, 6, 8, 2, 1, 1, 5, 7, -84
9, 1, 4, 10, 7, 6, 3, 2, 10, 436
9, 4, 8, 9, 9, 9, 7, 9, 8, 27
4, 8, 9, 7, 4, 8, 1, 7, 5, 45
1, 6, 5, 2, 1, 8, 3, 8, 7, 68
5, 5, 9, 1, 3, 5, 10, 8, 4, -108
4, 5, 1, 10, 1, 5, 3, 2, 3, -86
3, 1, 3, 6, 4, 2, 1, 10, 2, 122
2, 2, 10, 1, 1, 4, 9, 9, 4, 0
3, 5, 5, 4, 8, 4, 10, 1, 9, -156
6, 3, 9, 2, 1, 8, 5, 10, 1, -225
1, 10, 2, 3, 3, 8, 4, 8, 4, 172
7, 7, 2, 4, 5, 1, 10, 2, 2, -14
8, 9, 9, 5, 9, 5, 10, 3, 7, -156
4, 2, 8, 5, 1, 2, 9, 7, 1, 182
2, 9, 10, 6, 2, 4, 7, 1, 7, -186
10, 6, 5, 4, 2, 4, 2, 8, 7, -160
2, 5, 9, 6, 6, 7, 2, 6, 7, 76
4, 4, 6, 8, 1, 6, 7, 4, 8, -2
9, 6, 3, 1, 10, 1, 3, 7, 8, 558
5, 5, 3, 10, 7, 6, 10, 7, 6, 0
3, 5, 9, 9, 3, 9, 9, 9, 1, 612
10, 2, 6, 7, 7, 10, 3, 2, 7, 210
10, 4, 9, 5, 4, 1, 9, 3, 2, -143
4, 8, 3, 8, 1, 9, 6, 2, 1, 330
6, 10, 1, 1, 5, 9, 6, 2, 9, 584
10, 10, 8, 7, 10, 4, 5, 5, 1, -90
6, 3, 6, 10, 4, 5, 5, 4, 7, 33
8, 10, 5, 7, 8, 9, 4, 7, 2, -71
3, 5, 2, 2, 10, 7, 9, 8, 9, 179
1, 4, 5, 8, 6, 2, 2, 7, 4, 118
3, 6, 5, 10, 4, 6, 8, 9, 4, 224
1, 7, 4, 6, 6, 1, 8, 3, 10, -427
9, 9, 4, 3, 1, 5, 4, 10, 4, -238
2, 4, 6, 10, 9, 1, 2, 8, 4, 276
2, 1, 8, 3, 10, 2, 7, 3, 10, -316
5, 1, 1, 8, 1, 8, 6, 6, 4, -162
1, 10, 3, 6, 7, 1, 10, 9, 7, -328
4, 1, 5, 8, 9, 6, 4, 2, 4, -12
4, 8, 8, 4, 8, 1, 4, 3, 9, -140
4, 7, 1, 5, 9, 1, 5, 7, 1, -2
6, 8, 2, 8, 9, 1, 2, 5, 9, -60
6, 10, 1, 8, 5, 4, 10, 10, 1, 140
3, 7, 2, 7, 5, 1, 9, 10, 3, -19
6, 5, 9, 4, 3, 3, 8, 6, 6, 0
5, 10, 8, 8, 4, 6, 7, 6, 7, -20
9, 9, 4, 3, 9, 9, 4, 3, 8, 405
7, 10, 1, 2, 5, 5, 10, 9, 2, 183
4, 8, 2, 2, 5, 10, 7, 10, 8, 162
6, 10, 10, 3, 9, 6, 10, 8, 3, -276
1, 10, 6, 10, 7, 9, 3, 1, 4, -177
6, 8, 1, 2, 8, 8, 6, 3, 3, 294
2, 2, 1, 5, 3, 3, 6, 4, 6, -10
4, 9, 1, 1, 1, 4, 3, 2, 7, 40
9, 6, 8, 7, 9, 9, 1, 2, 1, -29
4, 9, 9, 9, 6, 7, 3, 8, 5, 166
9, 7, 9, 7, 1, 3, 7, 5, 8, -56
8, 9, 6, 8, 4, 2, 1, 8, 5, 50
6, 10, 2, 1, 3, 3, 1, 7, 2, -72
10, 4, 9, 4, 10, 1, 3, 2, 3, 46
7, 7, 9, 3, 9, 2, 9, 9, 8, -150
2, 9, 10, 1, 3, 5, 4, 4, 4, 48
1, 4, 3, 3, 2, 1, 7, 10, 3, 36
6, 5, 9, 6, 5, 2, 8, 3, 7, -154
9, 5, 3, 4, 2, 8, 7, 5, 7, -76
9, 5, 10, 9, 6, 8, 4, 3, 2, -8
2, 9, 2, 9, 10, 3, 7, 1, 8, -427
10, 7, 8, 7, 7, 10, 1, 2, 10, 136
8, 10, 5, 1, 4, 3, 10, 4, 10, 244
5, 6, 5, 3, 8, 4, 5, 5, 10, 115
5, 9, 9, 10, 1, 6, 7, 9, 7, 260
6, 10, 6, 5, 5, 6, 6, 8, 9, -48
6, 2, 10, 9, 8, 9, 4, 3, 3, -50
3, 10, 4, 7, 5, 1, 10, 1, 8, -515
2, 10, 4, 1, 9, 9, 5, 3, 10, 308
8, 9, 8, 7, 10, 9, 5, 8, 3, -72
5, 5, 3, 9, 7, 3, 10, 6, 6, -48
10, 2, 4, 5, 9, 9, 3, 6, 10, 326
6, 1, 9, 3, 2, 8, 1, 10, 1, -211
5, 1, 3, 7, 1, 3, 10, 4, 8, 8
2, 2, 3, 6, 5, 8, 3, 5, 9, -5
2, 5, 9, 7, 8, 2, 7, 6, 2, -118
2, 2, 5, 5, 1, 10, 6, 4, 4, 78
2, 1, 2, 10, 9, 3, 3, 5, 1, 33
9, 5, 7, 1, 6, 2, 8, 3, 7, 54
7, 8, 7, 5, 8, 9, 2, 10, 10, -88
6, 7, 10, 7, 10, 4, 2, 1, 2, -76
4, 10, 3, 7, 4, 8, 3, 9, 4, -111
3, 10, 4, 4, 1, 3, 9, 7, 4, 135
6, 4, 4, 2, 7, 2, 1, 2, 8, 244
5, 1, 8, 7, 5, 8, 10, 4, 3, -202
7, 6, 10, 8, 2, 10, 7, 4, 6, 116
3, 8, 4, 8, 6, 10, 2, 8, 5, -102
6, 8, 1, 2, 1, 1, 8, 8, 6, -36
5, 4, 7, 8, 8, 8, 5, 8, 9, 80
4, 8, 10, 3, 9, 3, 9, 10, 3, -378
10, 2, 4, 8, 6, 8, 7, 5, 10, 144
1, 7, 6, 6, 8, 5, 6, 3, 4, -121
7, 4, 7, 8, 9, 1, 7, 2, 1, -284
6, 3, 5, 10, 10, 2, 3, 6, 2, 156
10, 1, 4, 10, 10, 6, 3, 4, 2, -2
3, 8, 4, 2, 6, 3, 10, 5, 1, -3
2, 8, 5, 4, 8, 2, 1, 6, 9, -72
6, 8, 2, 1, 3, 1, 9, 6, 5, 44
6, 2, 6, 5, 4, 3, 7, 7, 10, 98
4, 1, 7, 8, 6, 9, 1, 2, 3, 55
5, 6, 5, 6, 7, 2, 3, 1, 8, -57
4, 6, 3, 10, 8, 6, 7, 3, 1, 74
6, 6, 5, 10, 7, 7, 8, 7, 4, 40
7, 3, 4, 8, 3, 10, 9, 5, 10, -58
5, 4, 4, 5, 4, 2, 3, 7, 5, 46
2, 2, 4, 9, 4, 8, 4, 9, 4, 140
1, 3, 9, 7, 8, 6, 7, 4, 2, -176
10, 4, 1, 1, 4, 3, 2, 5, 7, 123
8, 5, 10, 7, 7, 10, 1, 6, 9, 109
5, 8, 8, 2, 5, 1, 1, 4, 2, 30
6, 6, 2, 4, 2, 6, 9, 4, 7, 92
4, 10, 1, 7, 6, 7, 7, 9, 2, 167
9, 10, 7, 7, 9, 3, 1, 7, 10, 231
7, 3, 5, 6, 8, 10, 5, 7, 6, -102
9, 10, 5, 3, 7, 6, 4, 1, 10, 391
2, 6, 1, 2, 1, 7, 10, 7, 9, 236
10, 1, 3, 5, 2, 4, 6, 7, 10, -37
3, 6, 3, 9, 7, 10, 3, 5, 3, 3
10, 7, 7, 10, 2, 6, 2, 6, 1, 66
10, 1, 7, 1, 6, 4, 5, 5, 4, -119
4, 4, 1, 2, 9, 10, 2, 7, 8, 20
8, 3, 7, 6, 6, 10, 6, 5, 4, -142
7, 4, 6, 3, 6, 9, 10, 2, 8, 150
9, 5, 5, 10, 5, 1, 3, 10, 4, 330
8, 4, 9, 7, 9, 7, 2, 6, 6, 200
3, 9, 7, 3, 8, 3, 10, 4, 5, -257
9, 4, 7, 8, 3, 7, 10, 3, 6, 19
2, 1, 1, 5, 7, 4, 1, 3, 8, 60
8, 3, 9, 6, 3, 3, 3, 2, 9, 60
3, 10, 1, 5, 8, 5, 9, 10, 2, 226
4, 10, 10, 9, 1, 7, 5, 6, 5, 242
2, 2, 2, 9, 4, 10, 3, 4, 2, 8
4, 10, 10, 5, 1, 1, 10, 5, 2, 138
2, 6, 7, 1, 2, 2, 6, 2, 5, -16
7, 1, 8, 4, 1, 9, 3, 8, 8, -221
3, 3, 5, 2, 6, 3, 7, 1, 5, -86
9, 4, 5, 10, 4, 8, 10, 3, 7, 26
2, 9, 7, 7, 10, 4, 2, 10, 1, 299
9, 10, 2, 10, 6, 2, 4, 4, 1, -6
2, 7, 9, 1, 4, 6, 4, 8, 4, 4
2, 1, 9, 3, 8, 5, 7, 1, 7, -361
7, 9, 2, 4, 5, 2, 2, 7, 10, -36
1, 5, 8, 7, 5, 3, 7, 2, 8, -309
6, 1, 10, 5, 2, 3, 7, 7, 1, 112
5, 8, 3, 1, 10, 1, 6, 2, 8, 200
8, 6, 9, 9, 4, 1, 10, 7, 2, 167
1, 8, 6, 7, 1, 3, 3, 4, 3, 45
5, 6, 1, 10, 4, 1, 3, 9, 4, -109
2, 2, 1, 2, 3, 5, 9, 8, 9, 17
3, 4, 6, 8, 9, 9, 7, 7, 2, 11
10, 5, 3, 4, 3, 1, 5, 2, 8, 64
8, 3, 3, 1, 8, 2, 9, 2, 1, -127
7, 5, 1, 5, 6, 8, 5, 10, 3, -289
7, 2, 8, 10, 8, 7, 1, 1, 9, 305
1, 10, 7, 6, 8, 9, 4, 5, 7, -63
9, 8, 8, 1, 9, 5, 8, 2, 8, 254
5, 4, 10, 9, 1, 9, 7, 10, 4, 508
10, 2, 2, 5, 7, 5, 9, 6, 3, -96
4, 10, 7, 5, 9, 10, 10, 4, 8, 238
6, 8, 7, 8, 10, 6, 9, 10, 5, -18
8, 10, 8, 5, 9, 8, 5, 7, 2, -84
1, 2, 2, 8, 6, 5, 3, 3, 6, -33
4, 5, 8, 10, 5, 3, 7, 7, 9, 31
5, 10, 4, 9, 10, 1, 8, 4, 7, -396
2, 9, 8, 10, 10, 10, 2, 3, 10, -500
6, 1, 2, 6, 3, 8, 4, 2, 6, 8
10, 4, 1, 8, 4, 4, 5, 1, 4, 60
10, 5, 2, 7, 6, 1, 5, 2, 7, 148
6, 10, 8, 7, 1, 4, 3, 6, 1, 224
2, 2, 2, 3, 9, 7, 4, 10, 1, -84
9, 9, 2, 9, 3, 1, 4, 9, 8, -339
9, 1, 1, 3, 3, 9, 10, 10, 2, -672
5, 7, 9, 10, 2, 3, 2, 1, 5, -219
5, 5, 3, 7, 2, 3, 6, 9, 1, 83
10, 10, 5, 1, 9, 1, 9, 4, 6, 145
2, 6, 1, 9, 10, 8, 9, 10, 8, 0
5, 1, 7, 4, 1, 9, 2, 3, 4, -43
8, 7, 6, 3, 7, 4, 1, 6, 3, 7
4, 2, 6, 3, 2, 10, 6, 6, 3, -78
2, 3, 4, 6, 2, 7, 1, 7, 7, -15
2, 10, 10, 5, 3, 6, 3, 5, 9, -116
4, 1, 6, 10, 1, 1, 10, 9, 10, 394
7, 4, 3, 1, 8, 10, 4, 5, 6, 41
6, 5, 10, 6, 10, 4, 8, 9, 7, -106
3, 4, 3, 3, 2, 2, 2, 1, 1, 1
6, 6, 3, 6, 3, 3, 6, 8, 6, -54
6, 4, 4, 9, 8, 6, 7, 1, 4, -8
2, 5, 2, 7, 3, 3, 5, 4, 9, -184
7, 4, 2, 5, 6, 10, 1, 8, 4, -364
10, 8, 8, 9, 2, 4, 9, 10, 10, -56
5, 1, 9, 8, 10, 5, 5, 5, 6, 62
5, 10, 8, 3, 7, 6, 9, 3, 8, 58
6, 10, 2, 9, 8, 1, 4, 3, 5, -198
8, 10, 2, 7, 9, 5, 10, 6, 5, 174
6, 5, 8, 9, 6, 10, 3, 3, 6, -12
1, 2, 5, 6, 2, 8, 1, 8, 8, 102
1, 10, 10, 4, 10, 7, 1, 3, 2, 9
1, 4, 7, 2, 7, 5, 7, 5, 5, -163
6, 5, 8, 4, 6, 6, 7, 1, 4, -66
3, 7, 7, 7, 10, 10, 4, 6, 9, -57
3, 3, 10, 10, 4, 2, 4, 8, 2, 580
1, 4, 7, 6, 2, 2, 2, 7, 2, 224
3, 8, 9, 6, 2, 7, 2, 3, 9, -203
6, 2, 4, 9, 8, 5, 6, 9, 10, 222
8, 5, 5, 8, 5, 7, 5, 9, 2, -94
4, 2, 9, 10, 4, 9, 2, 9, 6, 426
9, 9, 8, 2, 8, 2, 4, 1, 1, -132
7, 6, 6, 9, 3, 4, 9, 2, 3, 7
4, 10, 10, 2, 9, 7, 4, 7, 2, -104
3, 8, 10, 6, 10, 9, 4, 9, 7, 59
6, 8, 5, 1, 1, 1, 10, 1, 9, 11
5, 5, 6, 6, 7, 4, 3, 7, 9, 91
9, 2, 4, 4, 3, 6, 10, 10, 7, -247
3, 1, 9, 8, 8, 9, 2, 4, 10, 214
5, 8, 6, 1, 6, 10, 7, 9, 9, 110
9, 6, 8, 6, 2, 5, 8, 2, 2, 82
1, 7, 7, 7, 9, 1, 3, 2, 6, -312
1, 3, 8, 1, 3, 6, 8, 10, 2, -28
3, 1, 3, 5, 2, 7, 5, 4, 2, -17
5, 6, 4, 2, 2, 8, 2, 3, 1, -18
8, 1, 1, 1, 8, 7, 6, 8, 3, -257
9, 2, 10, 7, 2, 6, 6, 7, 10, 104
1, 7, 9, 10, 6, 5, 4, 5, 6, -35
2, 10, 2, 9, 5, 4, 7, 9, 9, -420
1, 1, 1, 10, 9, 9, 8, 10, 2, 8
9, 6, 9, 9, 10, 10, 4, 9, 6, 15
8, 2, 5, 1, 4, 8, 10, 4, 3, -186
5, 9, 4, 9, 8, 8, 1, 6, 10, -394
2, 7, 6, 3, 6, 10, 3, 4, 9, 13
10, 7, 7, 3, 9, 1, 4, 2, 4, 74
1, 7, 4, 6, 2, 9, 10, 3, 9, 235
2, 4, 2, 6, 2, 9, 1, 7, 9, -190
2, 8, 3, 9, 10, 7, 4, 8, 3, 52
5, 5, 5, 7, 3, 9, 4, 9, 5, -70
3, 6, 9, 2, 7, 2, 8, 5, 6, -294
2, 3, 3, 5, 2, 1, 2, 2, 9, -79
8, 2, 5, 1, 2, 7, 2, 10, 9, -376
5, 6, 10, 8, 4, 8, 6, 10, 10, 168
9, 8, 10, 10, 8, 6, 9, 1, 10, -322
1, 4, 4, 10, 3, 2, 7, 9, 6, 92
1, 8, 2, 5, 3, 4, 6, 9, 10, -160
9, 1, 5, 3, 1, 7, 3, 1, 2, -30
6, 4, 9, 5, 2, 4, 2, 10, 3, 182
2, 1, 1, 6, 1, 10, 4, 1, 8, -10
4, 1, 1, 9, 6, 1, 9, 4, 3, 20
10, 6, 3, 9, 10, 7, 9, 2, 1, 68
5, 6, 9, 5, 5, 10, 7, 1, 1, 95
7, 7, 2, 1, 2, 1, 7, 1, 10, 86
9, 7, 5, 5, 2, 4, 2, 4, 8, -144
4, 8, 2, 10, 1, 9, 9, 8, 8, -106
8, 9, 10, 7, 1, 3, 3, 8, 1, 364
4, 3, 8, 8, 2, 4, 9, 1, 6, -84
5, 3, 7, 5, 9, 7, 7, 6, 4, -174
7, 6, 9, 10, 5, 5, 10, 10, 8, 200
6, 1, 4, 5, 9, 6, 7, 10, 7, -27
8, 10, 10, 4, 6, 2, 2, 5, 8, 104
5, 6, 5, 5, 10, 8, 7, 7, 4, -39
9, 10, 9, 5, 10, 4, 7, 9, 10, 131
2, 8, 7, 8, 10, 4, 7, 1, 8, -570
8, 2, 6, 4, 3, 10, 9, 10, 1, -526
